cpu_time_coordinator = 32136
cpu_sleep_time_coordinator = 177725
cpu_deepsleep_time_coordinator = 1764911
radio_rx_time_coordinator = 2221
radio_tx_time_coordinator = 142952
rxTimes = [172, 289, 432, 549, 674, 800, 935, 1069, 1212, 1320, 1446, 1571, 1714, 1831, 1965, 2091, 2208, 2343, 2468, 2611, 2754, 2863, 2979, 3114, 3257, 3365, 3491, 3652, 3751, 3876, 4002, 4136, 4262, 4388, 4522, 4647, 4773, 4899, 5033, 5159, 5284, 5419, 5543, 5670, 5796, 5930, 6056, 6181, 6316, 6440, 6567, 6692, 6827, 6953, 7078, 7212, 7337, 7464, 7589, 7724]
cpu_time_coordinator = 29412
cpu_sleep_time_coordinator = 177696
cpu_deepsleep_time_coordinator = 1765509
radio_rx_time_coordinator = 2221
radio_tx_time_coordinator = 141609
rxTimes = [7893, 8019, 8154, 8280, 8406, 8531, 8666, 8791, 8916, 9051, 9177, 9302, 9428, 9562, 9688, 9813, 9947, 10074, 10199, 10325, 10459, 10585, 10709, 10845, 10971, 11096, 11222, 11356, 11482, 11606, 11742, 11876, 11993, 12119, 12253, 12379, 12503, 12639, 12764, 12890, 13015, 13150, 13276, 13400, 13536, 13661, 13787, 13912, 14047, 14172, 14297, 14433, 14558, 14684, 14809, 14943, 15069, 15194, 15329, 15455]
cpu_time_coordinator = 29029
cpu_sleep_time_coordinator = 179667
cpu_deepsleep_time_coordinator = 1766504
radio_rx_time_coordinator = 2273
radio_tx_time_coordinator = 142209
rxTimes = [15616, 15742, 15867, 16011, 16127, 16253, 16387, 16513, 16639, 16763, 16899, 17024, 17159, 17294, 17409, 17536, 17660, 17796, 17921, 18047, 18181, 18307, 18433, 18557, 18693, 18818, 18944, 19078, 19204, 19337, 19454, 19590, 19715, 19841, 19975, 20100, 20226, 20351, 20486, 20612, 20738, 20872, 20997, 21123, 21248, 21383, 21509, 21634, 21769, 21895, 22020, 22155, 22280, 22406, 22531, 22666, 22791, 22917, 23042, 23185]

numtx = [1, 1, 1, 1, 1, 1, 1, 1, 1, 1, 1, 1, 1, 1, 1, 1, 1, 1, 1, 1, 1, 1, 1, 1, 1, 1, 1, 1, 1, 1, 1, 1, 1, 2, 1, 1, 1, 1, 1, 1, 1, 1, 1, 1, 2, 1, 2, 2, 1, 1, 1, 1, 1, 1, 1, 1, 1, 1, 1, 1]
scheduleTimes = [152, 277, 404, 537, 663, 789, 915, 1050, 1173, 1300, 1433, 1560, 1686, 1812, 1946, 2071, 2197, 2330, 2457, 2583, 2709, 2843, 2968, 3093, 3227, 3354, 3480, 3607, 3740, 3865, 3990, 4124, 4250, 4377, 4503, 4637, 4762, 4887, 5021, 5147, 5274, 5400, 5534, 5659, 5784, 5919, 6044, 6170, 6296, 6431, 6555, 6681, 6815, 6941, 7068, 7194, 7328, 7452, 7578, 7711]
sendTimes = [153, 279, 404, 540, 665, 790, 925, 1050, 1176, 1301, 1436, 1561, 1687, 1821, 1948, 2073, 2198, 2333, 2458, 2584, 2718, 2844, 2969, 3095, 3230, 3355, 3481, 3615, 3741, 3866, 3992, 4126, 4252, 4388, 4512, 4638, 4763, 4889, 5023, 5149, 5274, 5409, 5535, 5660, 5795, 5920, 6056, 6180, 6306, 6431, 6557, 6683, 6817, 6944, 7068, 7203, 7328, 7454, 7579, 7714]
cpu_time_leaf = 44656
cpu_sleep_time_leaf = 103719
cpu_deepsleep_time_leaf = 1823782
radio_rx_time_leaf = 6916
radio_tx_time_leaf = 73812

numtx = [1, 1, 1, 1, 1, 1, 1, 1, 1, 1, 1, 1, 1, 1, 1, 1, 1, 1, 1, 1, 1, 1, 1, 1, 1, 1, 1, 1, 1, 1, 1, 2, 1, 1, 1, 1, 1, 1, 1, 1, 1, 1, 1, 1, 1, 1, 1, 1, 1, 1, 1, 1, 1, 1, 1, 1, 1, 1, 1, 1]
scheduleTimes = [7892, 8018, 8144, 8278, 8403, 8530, 8662, 8789, 8916, 9041, 9175, 9300, 9426, 9559, 9685, 9812, 9938, 10072, 10197, 10323, 10457, 10582, 10709, 10834, 10970, 11094, 11220, 11353, 11480, 11606, 11731, 11866, 11990, 12117, 12250, 12376, 12503, 12628, 12763, 12887, 13014, 13146, 13273, 13400, 13525, 13660, 13784, 13911, 14043, 14170, 14296, 14422, 14557, 14681, 14808, 14940, 15067, 15193, 15319, 15453]
sendTimes = [7894, 8019, 8153, 8279, 8405, 8530, 8666, 8790, 8916, 9050, 9176, 9301, 9427, 9562, 9687, 9813, 9947, 10073, 10198, 10324, 10459, 10584, 10709, 10844, 10970, 11095, 11221, 11356, 11482, 11606, 11741, 11875, 11993, 12118, 12253, 12378, 12503, 12638, 12763, 12889, 13014, 13150, 13275, 13400, 13535, 13660, 13787, 13911, 14047, 14171, 14297, 14432, 14557, 14683, 14808, 14944, 15068, 15194, 15328, 15454]
cpu_time_leaf = 42449
cpu_sleep_time_leaf = 104919
cpu_deepsleep_time_leaf = 1823652
radio_rx_time_leaf = 6448
radio_tx_time_leaf = 73701
numtx = [1, 1, 1, 2, 1, 1, 1, 1, 1, 1, 1, 1, 2, 2, 1, 1, 1, 1, 1, 1, 1, 1, 1, 1, 1, 1, 1, 1, 1, 2, 1, 1, 1, 1, 1, 1, 1, 1, 1, 1, 1, 1, 1, 1, 1, 1, 1, 1, 1, 1, 1, 2, 1, 1, 1, 1, 1, 1, 1, 2]
scheduleTimes = [15614, 15739, 15866, 16000, 16126, 16251, 16377, 16511, 16636, 16763, 16896, 17023, 17147, 17274, 17407, 17533, 17660, 17794, 17920, 18044, 18171, 18304, 18430, 18557, 18690, 18817, 18941, 19068, 19201, 19327, 19452, 19587, 19714, 19838, 19965, 20098, 20224, 20350, 20484, 20610, 20735, 20862, 20995, 21121, 21247, 21381, 21507, 21632, 21759, 21891, 22018, 22144, 22278, 22404, 22529, 22655, 22789, 22914, 23041, 23175]
sendTimes = [15616, 15741, 15867, 16011, 16127, 16252, 16387, 16512, 16638, 16763, 16899, 17023, 17159, 17293, 17409, 17536, 17660, 17796, 17920, 18046, 18180, 18306, 18432, 18557, 18693, 18817, 18943, 19077, 19203, 19338, 19454, 19590, 19714, 19840, 19974, 20100, 20225, 20351, 20486, 20611, 20737, 20871, 20997, 21122, 21248, 21383, 21508, 21633, 21768, 21894, 22019, 22155, 22279, 22405, 22530, 22665, 22790, 22916, 23042, 23186]
cpu_time_leaf = 42164
cpu_sleep_time_leaf = 105028
cpu_deepsleep_time_leaf = 1825274
radio_rx_time_leaf = 7124
radio_tx_time_leaf = 74142
