numtx = [1, 1, 1, 1, 1, 1, 1, 1, 1, 1, 1, 1, 1, 1, 1, 1, 1, 1, 1, 1, 1, 1, 1, 1, 1, 1, 1, 1, 1, 1, 1, 1, 1, 1, 1, 1, 1, 1, 1, 1, 1, 1, 1, 1, 1, 1, 1, 1, 1, 1, 1, 1, 1, 1, 1, 1, 1, 1, 1, 1]
scheduleTimes = [152, 277, 403, 537, 663, 789, 915, 1050, 1174, 1300, 1434, 1560, 1686, 1812, 1946, 2072, 2197, 2331, 2457, 2583, 2709, 2843, 2968, 3093, 3228, 3354, 3480, 3606, 3739, 3866, 3990, 4124, 4250, 4377, 4503, 4637, 4762, 4887, 5022, 5147, 5274, 5399, 5534, 5659, 5784, 5919, 6044, 6171, 6296, 6431, 6555, 6681, 6816, 6941, 7068, 7193, 7328, 7452, 7578, 7712]
sendTimes = [153, 279, 405, 539, 664, 790, 925, 1050, 1176, 1301, 1436, 1561, 1687, 1821, 1947, 2074, 2198, 2333, 2458, 2584, 2718, 2844, 2969, 3095, 3230, 3355, 3481, 3615, 3741, 3866, 3992, 4126, 4252, 4378, 4512, 4638, 4763, 4890, 5023, 5149, 5274, 5409, 5535, 5660, 5786, 5920, 6046, 6171, 6306, 6431, 6558, 6683, 6817, 6943, 7068, 7203, 7328, 7454, 7580, 7714]
cpu_time_leaf = 43873
cpu_sleep_time_leaf = 103663
cpu_deepsleep_time_leaf = 1824620
radio_rx_time_leaf = 6448
radio_tx_time_leaf = 73636
numtx = [1, 1, 1, 1, 1, 1, 1, 1, 1, 1, 1, 1, 1, 1, 1, 1, 1, 1, 1, 1, 1, 1, 1, 1, 1, 1, 1, 1, 1, 1, 2, 1, 1, 1, 1, 1, 1, 1, 1, 1, 1, 1, 1, 1, 1, 1, 1, 1, 1, 1, 1, 1, 1, 1, 1, 1, 1, 1, 1, 1]
scheduleTimes = [7874, 8000, 8126, 8259, 8386, 8511, 8645, 8771, 8896, 9023, 9156, 9283, 9407, 9542, 9669, 9793, 9920, 10053, 10180, 10304, 10439, 10564, 10691, 10816, 10950, 11077, 11201, 11336, 11461, 11588, 11713, 11847, 11974, 12098, 12233, 12358, 12485, 12610, 12744, 12870, 12996, 13130, 13255, 13382, 13507, 13641, 13767, 13892, 14026, 14152, 14278, 14404, 14538, 14664, 14790, 14923, 15049, 15175, 15301, 15434]
sendTimes = [7876, 8001, 8135, 8261, 8387, 8512, 8647, 8772, 8898, 9032, 9158, 9283, 9409, 9544, 9669, 9795, 9929, 10055, 10180, 10306, 10440, 10566, 10692, 10817, 10953, 11077, 11203, 11337, 11463, 11588, 11733, 11850, 11974, 12100, 12234, 12360, 12485, 12620, 12745, 12871, 12997, 13131, 13257, 13382, 13517, 13642, 13768, 13893, 14028, 14153, 14279, 14414, 14539, 14665, 14790, 14925, 15050, 15176, 15310, 15436]
cpu_time_leaf = 42104
cpu_sleep_time_leaf = 104098
cpu_deepsleep_time_leaf = 1824815
radio_rx_time_leaf = 6552
radio_tx_time_leaf = 73592
numtx = [1, 1, 1, 1, 1, 1, 1, 1, 1, 1, 1, 1, 1, 1, 1, 1, 1, 1, 1, 1, 1, 1, 1, 1, 1, 1, 1, 1, 1, 1, 1, 1, 1, 1, 1, 1, 1, 1, 1, 1, 1, 1, 1, 1, 1, 1, 1, 1, 1, 1, 1, 1, 1, 1, 1, 1, 1, 1, 1, 1]
scheduleTimes = [15596, 15721, 15848, 15981, 16107, 16234, 16359, 16494, 16618, 16745, 16877, 17004, 17131, 17256, 17391, 17515, 17642, 17774, 17901, 18027, 18153, 18288, 18412, 18538, 18671, 18798, 18924, 19050, 19184, 19309, 19436, 19568, 19695, 19821, 19947, 20081, 20206, 20332, 20465, 20591, 20718, 20844, 20978, 21103, 21229, 21362, 21488, 21615, 21740, 21875, 22000, 22126, 22259, 22385, 22512, 22637, 22772, 22896, 23023, 23156]
sendTimes = [15597, 15723, 15849, 15983, 16109, 16234, 16369, 16494, 16620, 16745, 16880, 17006, 17131, 17266, 17391, 17517, 17642, 17777, 17902, 18028, 18163, 18288, 18414, 18539, 18674, 18799, 18925, 19059, 19185, 19311, 19436, 19571, 19696, 19822, 19956, 20082, 20208, 20333, 20467, 20593, 20719, 20853, 20979, 21104, 21230, 21364, 21490, 21615, 21750, 21876, 22001, 22127, 22261, 22387, 22512, 22647, 22772, 22898, 23024, 23158]
cpu_time_leaf = 41266
cpu_sleep_time_leaf = 104655
cpu_deepsleep_time_leaf = 1824249
radio_rx_time_leaf = 6448
radio_tx_time_leaf = 73768

cpu_time_coordinator = 30376
cpu_sleep_time_coordinator = 177505
cpu_deepsleep_time_coordinator = 1764756
radio_rx_time_coordinator = 2169
radio_tx_time_coordinator = 141482
rxTimes = [154, 280, 404, 540, 665, 791, 926, 1051, 1177, 1301, 1436, 1562, 1688, 1822, 1948, 2074, 2198, 2334, 2459, 2585, 2719, 2845, 2970, 3095, 3230, 3356, 3482, 3616, 3742, 3867, 3992, 4127, 4253, 4379, 4513, 4639, 4764, 4890, 5024, 5150, 5275, 5410, 5536, 5661, 5786, 5921, 6047, 6172, 6307, 6431, 6557, 6683, 6818, 6944, 7069, 7204, 7329, 7455, 7579, 7715]
cpu_time_coordinator = 29229
cpu_sleep_time_coordinator = 178127
cpu_deepsleep_time_coordinator = 1765258
radio_rx_time_coordinator = 2273
radio_tx_time_coordinator = 141281
rxTimes = [7876, 8002, 8136, 8261, 8388, 8513, 8648, 8773, 8899, 9033, 9158, 9284, 9410, 9545, 9670, 9796, 9929, 10055, 10181, 10307, 10441, 10567, 10693, 10817, 10953, 11078, 11204, 11338, 11464, 11589, 11732, 11849, 11975, 12101, 12235, 12361, 12486, 12621, 12745, 12872, 12998, 13132, 13258, 13383, 13518, 13642, 13769, 13894, 14029, 14154, 14280, 14415, 14540, 14666, 14791, 14926, 15051, 15177, 15311, 15436]
cpu_time_coordinator = 29123
cpu_sleep_time_coordinator = 179008
cpu_deepsleep_time_coordinator = 1764483
radio_rx_time_coordinator = 2221
radio_tx_time_coordinator = 141780
rxTimes = [15598, 15724, 15850, 15984, 16109, 16235, 16370, 16495, 16621, 16746, 16881, 17006, 17132, 17267, 17392, 17518, 17643, 17778, 17902, 18029, 18164, 18289, 18415, 18540, 18675, 18799, 18926, 19060, 19186, 19312, 19437, 19572, 19696, 19823, 19956, 20083, 20208, 20333, 20467, 20593, 20720, 20854, 20980, 21105, 21231, 21365, 21490, 21616, 21751, 21877, 22002, 22128, 22262, 22387, 22513, 22648, 22773, 22899, 23025, 23159]


